6312639
6295565
1744988
6004145
3613368
9299742
9424215
3815855
4324120
4473418
7600249
5855050
8758879
4111292
4360063
9416082
4174257
1169021
3345798
5175219
6492982
0624452
7379496
5117377
4284290
7043811
8889385
0778696
2836347
7941329
3587795
6314526
3145106
2413378
3357655
4486532
8670743
3917545
6105586
8267430
5549019
0781284
9497087
4588332
6949870
2554927
5170819
4715579
2838123
4460230
1234947
7696296
4238742
0296368
3446214
9984553
7902279
7679446
8518955
3321274
2018598
7836837
4778835
6985439
1018438
9965251
1753362
2757105
8144835
4151971
4949126
1038902
2372873
7343049
0085647
0741450
9865198
6418674
7110177
2558230
1998924
8812542
9712340
7383271
0396950
7889787
5288892
0171298
0969334
6540337
9665907
3867968
5722539
1945494
7041882
4525203
8232311
8806101
7779365
2012923
6650546
8121378
5072306
3761580
6535794
1150723
1411322
4764259
4926881
8757618
0441835
6306567
0413654
3229597
4919224
2668478
7127833
9661701
2808626
7321521
5927634
7176874
3398401
6915121
8896264
7909821
6488969
4011167
8371150
8162972
0658170
5149486
7654067
8840843
8423418
8169312
5609365
2455142
5444294
2866972
0741083
4880734
7127333
9206544
0600834
2250201
6764162
1401623
7516684
9717277
1881567
7974775
8980048
0016234
1328427
7697890
5621305
1098245
4972882
1086798
8376641
2274467
5213750
6012587
7090032
0309189
3264210
8311772
2897805
4676986
6980467
1276087
4198371
5671011
4484812
1865240
1967637
1670016
2277446
6788674
5321977
3372554
4639919
9453444
7242969
8518477
6212662
1135051
9722726
6008650
7224065
8680549
9836408
3095581
9224390
3308202
5059967
4434782
4233291
6640553
3444076
0386535
5706355
1769193
9329871
6822285
0794878
5142842
5288463
3377562
4545900
9638485
9536717
6848543
9665691
2247470
6866696
0114131
6588932
6251343
2015713
1978510
3465195
9135424
9317426
7601159
2860681
4807195
9914742
7074003
5705051
4563373
8536233
9074101
0498812
0140776
2361280
5433226
1424131
6283734
3811054
0787289
0719761
3684734
1701995
0217835
8231524
0604253
6989823
4514837
2904545
0947668
0411979
1819434
6226774
8313284
0361168
7915935
6902174
0301052
0870662
5557622
0648121
2879331
9689158
4929648
4563854
1840853
3923405
1236551
9307830
3991333
9626603
4983284
8814076
1409404
8757919
8185290
4089462
4323800
8725095
1412034
2731131
8452213
5346857
1048384
6778381
9721719
2245084
7060444
6019347
0934675
4667766
5442811
7030660
3271294
7880378
8860203
0340469
2590027
2250069
8489159
1558157
9108642
4435597
8861863
3732485
8465419
2976658
3758130
7909389
7016813
0341125
3875668
8773636
2176399
6040808
3878541
1975446
8070529
4000290
8196857
7524644
8416214
7130419
1880815
7456630
7038396
6448587
5282910
1396370
1794967
7532268
4846176
2598809
1068685
5081131
6541240
0550243
7483717
4191240
6754309
0623283
0156368
9360423
0461638
9456538
5278756
7456372
1457388
7487421
2818336
3489534
5055120
0777391
4249341
0637151
1840670
0464708
5303747
9041913
1261197
4822553
8786715
2395456
0462377
6545994
0161650
0518546
1103005
7753410
4685302
4811397
0520480
5675318
0867166
4795934
0372818
2224952
0208989
4094476
7326855
7045036
0056202
3750208
5533579
0492797
4105913
9120754
8447566
5967587
8629023
4683740
2294410
8786265
9953455
6777257
4023172
2870799
1707607
4686634
9484920
4326507
5364972
0737566
0999147
7915418
6294492
7401878
9840530
4014792
5367235
4589155
4784868
6387561
5124532
1228051
5169664
9692693
1508110
0457500
0721120
1200274
6127154
4523400
1035981
3739758
6884512
5763823
1078917
3569257
0890386
9344936
3931644
2595142
6857557
7657496
3413586
6916807
4114926
8762738
5671312
1883321
1425667
1375731
6664127
7838057
0440686
4995562
8527550
9736374
5499870
4000554
7972654
3432975
0752767
9515711
1652837
2567833
5690960
4602313
8426950
2833607
3608509
6500157
9546676
6695294
4092062
7914476
0338836
2409680
4294240
5473234
6268110
1394794
4967522
3233041
7374003
1603546
5455234
3691081
7200485
3624778
0546510
1807520
1399852
8665179
2700986
7165923
8779490
5689521
1745008
2830038
1828025
1867902
8076550
2963227
3925459
9851102
9977895
5621025
8160884
8428149
5344314
8151067
7140948
1743024
3893027
3941029
6446563
1554923
9404600
0044685
5364846
2114648
8762627
8709630
7966205
9364298
2203709
0235824
0124234
6378522
5332370
0744995
0573890
6455596
8067041
2109357
7142451
0206023
4709677
2076661
2819665
2660294
1464153
2220218
7766577
9783578
2325729
2555964
2041294
8384019
3282922
0004607
6973933
2943929
6073464
1536506
7343283
8986286
4357419
9316356
8888088
0653122
6059100
7371815
5833856
9515011
9909199
7737307
7664224
1574053
9220963
3687937
4543860
0758148
2744227
1703608
6404768
0410004
4402650
1084364
6695196
8003207
7947147
2638542
7452227
2497429
6061623
4339570
0757330
3620073
2023979
0829890
7137037
6777273
3643003
2426511
3201757
1079073
3044704
3639117
5399150
2630753
2298092
2411234
2729794
1665898
9231731
2013611
6347954
6450808
0205886
8107238
6844854
6907920
2437257
6904235
8458398
3586961
0088808
1037349
7374440
2718302
3393216
5584817
4871669
8611814
3287288
8374685
6828346
8082588
2886658
3000841
9119358
8438444
2331426
2617440
9193023
6949098
0095249
3453924
2891672
1960916
0089366
8322268
4643563
9068567
7387375
3317904
2219932
7281411
2670725
7570792
8595621
2202491
3194920
4763917
9488721
8119989
2232443
2027316
2777852
0127176
2682669
2912411
0865668
2531686
0715387
3322626
9335323
3758860
0072817
2548609
0942630
6340893
5518758
3065233
9992999
2229332
2715345
6977813
1939638
7703805
2218072
0441774
2821234
3598969
9834838
6768465
0940078
2844020
7099560
0690033
1519673
7597250
6346578
3065203
7557525
2931141
5623053
9616204
3221707
2302873
2997109
9685795
0069000
9789496
7103610
3581673
1531425
7605284
7766024
4028080
0853772
2214002
3302395
5844012
5656688
6542395
8213889
4579344
3685103
0499779
2461694
1366725
2444494
6458314
4397883
4431043
4639470
1085027
6452972
0675721
6944075
4909614
1941310
3178567
4869799
9041240
6992052
0679174
4247100
2282692
4017998
6792041
7683499
9695084
6565760
2209288
4949571
3991785
7171670
8966705
7076220
8344810
2181284
0078400
0193571
8388185
0421451
4231999
7721217
2926071
2123797
5845110
1939905
1208795
8667074
5996746
8998572
2987574
0360109
1436984
0990990
6492621
6914924
5680415
3576360
8220723
4148497
9807634
6115511
5967168
2909055
5154497
7879668
2281976
6552975
8168186
7542575
6399581
8658212
8131802
2550293
0025044
1532773
9374648
0286206
7638852
8084674
9492789
6181011
2325256
7574377
4404340
5633571
6060060
1528201
4545695
1545634
5709542
7862077
2782911
7345826
4715021
7993350
8642033
3548316
1602810
9724480
2818224
0446684
2893696
7118879
2724850
6498221
4414372
3649587
5655679
6579331
3909688
5948685
4243426
6417854
2883428
7115131
3673317
2346922
2432271
1521515
8087882
2882618
0881233
1349804
8444766
6889933
2999171
7775197
4515545
1490374
2255033
6004843
2296999
1542047
3384337
0640800
2839912
6725333
8287731
8203640
5906949
9315091
3308456
6313766
6514740
6382839
2666346
2516244
8811671
5767544
7637347
3946745
9264548
1265624
7709068
8298563
7639071
9593655
7258204
7219221
3976631
9463871
8112811
2871634
8951213
5953861
0882308
1385651
4944352
4136088
6666159
2781490
5681274
0183638
2314364
9683573
4492411
0421004
2928621
4101442
7169636
8361457
9927442
4934618
8544514
1636579
8384379
3617006
4256094
3162683
2823146
2702060
4308440
9565590
4436541
2565782
6586664
8369499
2017824
1324013
1111111
7672726
2333720
2106505
2846341
2224922
1889556
7730287
4815621
2297952
0109119
7917739
7086705
0406315
7664060
7105742
1462186
5606566
1207569
6612740
7756825
4184243
9020990
4181244
2952008
2829570
4119631
3910146
2500495
2787915
9420124
2936077
5361445
7075212
0970606
4628442
6462765
9885969
8134080
3829717
1199609
5002424
1181118
2761227
9349056
9880689
9141599
9981996
1153611
2025266
0727544
2082540
4439446
8121576
9669766
7300854
3381323
7542824
7055979
9377396
1459537
5182821
5775656
4018270
5591900
2641948
9239498
9935793
8089409
5643007
5367225
0191373
9736901
8975399
8455442
4184583
9041328
2332433
2981062
3787826
5664866
8382041
3994413
8594033
2526771
2294614
9045713
9842448
2849212
4540044
6614937
1515840
2915909
4433119
2972390
2716777
0180295
7180929
6387978
9759378
2704848
2348033
7643091
5842890
2594507
4866218
2212458
1356695
7576758
1955149
8986706
2888968
2803814
4929563
5977990
8953335
2303240
7179270
7601275
1009229
1371870
2241686
7760660
8791334
0497341
7197427
7478888
7416054
8034874
1979042
7344621
4329333
8048154
2038262
0998947
9748655
3669359
2854471
0594349
4987719
6382622
1084881
2311447
8693579
3860909
3523882
0910159
8010538
2685698
6845355
1227181
1070895
0611417
1146036
7890799
4225821
8082438
2259422
7064645
4041028
0843996
9178393
3375316
8838384
7516040
2313749
3645342
9505009
4973833
5835505
0046101
7369193
8330433
5583142
8489574
4642546
4945874
8836017
5981495
0073275
9673699
8413429
9947134
1876076
0517893
3159655
7863333
3313436
9767647
7541749
7775331
7128710
7984637
7109952
1956890
5524308
3942999
0502155
1190168
1717113
5950077
7871140
6883578
0917169
8082874
9200228
2303631
9546565
9410063
5496154
2041374
9388896
4444343
7487041
5933713
7227150
2277900
2525534
5079984
1193813
2631478
8485924
7066220
5282175
2239172
6538266
1984005
6853316
2178466
9275099
4809916
8766409
5501255
9636409
4116595
2402414
1937044
8363417
4448496
7121111
1613321
2099901
2261650
6501100
7259751
1613979
7706369
5867514
4559466
1331784
2615544
8193856
2982743
3861542
9128546
6965664
1150528
7726634
2532961
4141894
6349533
9601963
3761570
3767338
2661876
2226672
8264672
6840788
4814448
6117451
2959104
0399605
7500127
8935881
9887898
6366058
3233731
4053471
1390209
8798988
3967300
8559815
1170125
3252637
0567842
6791476
4055425
0814011
5904688
5548672
2251150
7196549
0951562
2642074
4207078
2108150
2662022
2954918
2762223
2472602
5755156
8150914
2945822
9183234
1541233
4271371
7466467
5303207
3949989
8400806
4020662
8053430
1666969
8368271
5326933
5503698
4554537
2947974
1332569
2220272
9978516
2866411
7434494
2881728
2898108
7433285
9936483
5633922
2657600
6137869
9423235
2562770
0300601
1366881
4065312
3864274
0011187
8979918
2122113
7971988
0090903
1199948
1153348
8223931
4974593
7584629
6600667
3786382
8864786
5089430
7131076
6721166
9991599
9956976
2044672
2927262
2908350
7678477
2582689
2756477
4423544
8169511
8744528
5120018
7572734
2182289
7078557
4760726
9963244
6408262
2665213
0402220
7381175
9845938
9949490
5370824
1877859
8665106
0781643
1609033
2314178
2576516
7731324
2332809
5759769
2529040
4123901
7615640
8199743
0671230
2962776
0238233
3336437
4623412
1693454
6039022
7607858
7663607
4529071
1871545
4935580
7597544
8671325
6360529
6606666
0166080
8133868
7811802
3272289
4957953
6775266
4219189
2052936
2977454
9009773
2125056
1987557
6156899
8912803
5201684
6111910
3226355
3600416
2338203
2182808
8608990
2319997
6781537
0179025
4229294
0632300
9504366
5996931
0944324
5805558
6644833
5960477
1864841
5604610
6640087
2496453
6993120
8845038
7005554
3595311
4180968
0452953
4937302
6963967
1976467
9711205
9534849
3051570
7392877
2952509
2304116
4137213
8598188
3125182
9409933
3744732
5580654
8303478
2642409
2535665
0488496
8891288
7204710
6500247
2009990
1237664
7313755
3095123
1593816
8505190
0285011
8654889
4645417
2709994
9668323
5213759
7437436
2275570
2133473
0814566
7944894
5945778
9379398
3589991
9379998
2583850
5914781
2709982
1339339
6257845
2258682
2666535
0446388
2683323
7338343
7941997
7676177
7897334
3998302
7225562
2720670
7868747
5819263
9200444
1964707
1863338
6036263
2446954
0004170
7118675
2842358
2744239
0210600
0199794
7167033
2169114
7344953
1095618
8719427
2429827
2278646
8470676
1132338
1175370
7747837
3434113
1084768
5850854
5619351
7940889
0937268
2523460
6993699
2634125
0352379
5722617
7736037
2538013
1101156
4242006
8666425
7764377
9228525
4166545
6716661
1762698
7651451
4812690
7098757
0870202
6482148
5388128
2500620
3572634
7155945
6288039
2222482
8293674
2294272
7365531
5668099
0206089
1692204
4719473
0111077
4702408
9574071
4349595
5135519
5883427
0292925
9025016
6598559
2776782
2760839
7957991
2727211
1547085
1627211
5124246
2437335
3911976
1694441
6291363
7112841
7703256
4058064
0611401
2127702
5218878
9462335
5435668
3570789
6009357
2394134
3193783
9852521
7353585
1614774
7562912
9104604
1518681
2961770
7506598
9560512
8029466
5403116
1920378
7411543
6416161
5720123
6862551
3262088
9916615
1131553
6329733
7248015
6352103
0042582
4375981
2947950
5807787
1484794
6198852
7703206
5031150
9334039
7346448
8489958
3830244
0796795
3544680
3109755
9735716
5557069
7553965
4517547
1535217
1687358
6236317
3386182
3443160
8177443
7094081
9057965
1611915
3192256
3319748
6962796
6039348
4947876
9546670
9723224
0692631
1030501
4809980
2074507
6322248
4283973
8004599
0284481
3837172
2094950
5461031
2111752
5136074
3754052
6535939
4146651
7588715
2416792
0259272
2420774
7481861
9467959
9922781
3313479
2468732
2834573
2257690
6732931
7653746
2165770
9453545
3866268
1061442
3301664
1492849
7203124
9427758
9722231
5796844
2528255
1484403
3297621
7190832
7909778
4744795
7666688
1534056
3128074
2270109
3318677
6018706
8393026
3151034
2382475
8526795
5106353
4325969
9847182
0995292
3018649
8374258
4026157
4311394
2771749
7737982
6978831
9595802
1750303
4970951
7988869
4073498
8128304
1079470
6776490
8885490
8234731
4078175
1393569
4711997
0687418
6576027
9339180
0883559
7321860
3771272
7940906
1385558
5649434
5088419
4489310
5672551
7052502
5098002
1008452
9919072
8054307
4835043
4415060
8494432
8879523
8733133
6311968
4053719
5506454
9257101
0112571
6062844
4420341
0015269
2276872
1155983
8432155
7257803
4642169
8512657
1779316
7336934
6817167
4757098
6950706
1525219
4756240
2373563
1752161
6138957
8124047
6720614
3623186
0647763
4554738
0226609
2383995
6202153
8411564
0315597
7525988
5169748
5019248
6346044
9496721
7966455
9584395
6758846
2477862
0963669
5365044
6986450
8372395
7494276
3001205
5729550
5569563
7497290
2269580
7292475
7120968
1183165
6598270
5047508
9464720
5786385
4642858
8784328
6966160
2157265
1042867
8808148
6190197
8067786
3229665
9723159
1541102
3761358
5561852
6703046
3850341
7964360
4134589
5869267
0477666
4871498
1568663
9564321
3991886
2343355
5001213
7860668
2000608
4911443
4891956
3263705
8932273
2255249
4728192
4926669
0363018
5009690
9398711
3615692
3957922
9057350
4382873
1084810
9059665
0609866
2511578
6645803
7593283
7950033
0767967
2957169
8620829
4813397
9275954
3973454
0461974
6174229
6881187
3366427
5329994
9722158
2709652
0721331
6152544
6454839
7843991
6193625
5502518
7373262
7924649
1649944
1025916
8669374
4541050
8909803
3216363
8609711
4196438
4865090
2517928
8162820
1311217
1837063
6792864
4801707
0323430
6075256
6453794
2034789
0742337
4397987
8777714
5630899
6504171
6839265
2252582
3210883
6489301
4006436
6332410
2478385
6634772
9520880
6405175
9457382
0274786
5139120
0640747
4523094
3334625
3571842
9012338
5488199
2338995
8032745
6391350
2994752
8614708
8044848
6725348
7267508
9471343
1099001
5216022
3282286
8665078
2379401
0762026
4638746
3267543
0751806
6554639
3281117
8440773
2639618
7903974
6288765
2366893
1678278
8626706
2229031
1152202
6081572
8907880
4103886
7442046
4587033
2191363
8076783
5675544
7140330
0068370
2532735
3952998
0541908
9966184
4934868
9463021
3784920
6348926
9576748
4307813
5982086
0184940
8325881
1035476
8025487
9220646
4335426
1383989
2056083
3270725
5120647
9932785
7958620
7822726
5334944
2182988
3049589
9540871
9211881
9120497
7637760
7255109
6795945
3518035
9173818
5163231
4157066
6075572
5237443
2290335
2369092
1042410
5749077
1913018
3936443
5496362
6565062
5652110
6403150
1851463
4223784
8083609
4704858
8559175
4423385
4616117
2107649
6290989
0223652
5534888
2506825
4783242
5380334
0036038
4780310
5637698
0309676
2391758
5209620
2417447
6616073
0491736
7822071
1761960
8040293
7150123
9738295
7526775
7492629
9983274
7972733
9245512
6151279
4340341
4126299
9068570
7167398
4369246
6721640
4884614
3765097
7866636
5304094
1061152
2153564
4351908
8255049
5108625
2971741
2257853
5848780
2418625
8099709
3811181
3421433
1293605
1318577
5500423
1984672
6795366
8055417
2682378
4897392
8110579
0660202
5631333
8090612
0239022
7369713
9782120
8170881
5901350
7386698
3962185
8747525
3209046
3959067
2446918
3827742
3984163
4013759
5127776
1701434
6273787
4379244
8464452
6680492
3470258
7979423
9543287
9190700
5770163
3724613
9248071
9350690
1607006
7167248
4201113
4559652
3662495
0209538
2719454
0374597
9070876
7710068
9721614
5154339
0649098
4379274
9901408
7035352
0812653
1346549
7239539
8563518
9610947
0642853
0803436
2045286
6367773
1720212
2786837
9324569
8675987
6762907
6724447
6583648
2838943
5407173
9913647
8312438
9915677
7622641
5218086
6231173
0373291
6259082
1784852
7223138
6825652
0065089
6377340
1214889
9054875
7807728
1655181
9671847
0141608
1341873
1138590
4324523
5108305
1386761
0952611
2548643
0997279
9493908
3683942
8793326
3942103
1680332
0852652
5782826
8158934
7349097
5019263
3226388
5023385
9342282
3431416
5916283
9005102
6169781
3177126
5906787
9196873
6385297
3257981
6135939
4137580
1224225
0820254
8725157
5593165
0786999
2301378
5682017
8562423
0435830
2538738
8868108
0637083
2880672
3075904
3976361
5546208
7574688
9570244
1653533
6333025
8788428
2253809
6867817
1621259
9553211
2551117
0036033
2176837
4869241
0495863
4117266
2308610
9945838
6311685
1510370
1988913
5199134
5385678
0996105
9197636
0341139
5071241
7176643
1069464
1271501
0529027
6606553
3173081
3234120
8511606
4157992
3717127
7519718
6917639
0801539
5084058
0493910
8455257
5928711
2405235
7868680
2759720
2974612
5324043
1493025
9659016
5187538
8931804
2801270
3516142
0348399
0461805
4606128
1225365
9911293
2242757
9949298
3024142
8312531
4807033
1641951
5573333
4442452
1983343
0780710
2211094
4283499
8883307
6553153
1412538
3539217
6215997
3753735
2094329
5879444
3364753
9181174
1031818
8158819
5042512
6558094
1130649
8036517
0102237
7742859
3108435
5672205
4467266
4809300
7771641
9989394
2395232
5482305
2574114
1268463
2321948
5840669
8397405
8813321
1394453
5627890
7948908
1159629
3923180
7987880
0464039
7138662
1430981
7518624
8405698
7864315
6277998
7903377
1348432
9459313
3066655
4156502
2773256
6873814
3224436
0656757
9402973
7814996
8569821
2220555
9516556
9549280
2014434
7062712
1664573
6844767
5757853
9573261
0292963
7406828
6847623
3310624
3869608
7756367
5114970
6884778
1915801
2120216
6203729
5802852
1221798
2311245
1020331
0768975
8870154
0943099
2959527
9134477
6642889
8656717
2490908
9595387
0218503
9822841
9794483
1356721
2686799
2077725
4284983
6148750
2491084
9716129
4191705
3669441
6440107
4182545
7194442
2794390
5603280
7307243
5359331
0456194
2405724
6260952
6307252
0614370
7008025
8628205
3787716
1660540
5437297
0067983
6001010
8345929
2960577
8105557
4491809
9576491
6826539
3757550
5551727
8549424
4673958
0793070
3189494
7024586
6643873
0808974
4700090
4635152
3878763
8514603
3466796
1688838
2957781
4106691
4419910
8686181
3301482
6957933
9221727
9458277
0197397
1929233
7417576
5446698
0838785
5489418
7242355
5724153
4931994
0494036
4152480
2170048
4867765
2649713
4160318
4106249
3051087
2897250
5469628
2901114
5351539
0888327
4310528
4326481
2290687
3082234
7506196
8178496
0615826
2691025
6805271
4593641
6868462
6758453
0961888
4967356
8919325
9711786
5705527
7171431
2503430
3334577
5762299
1970161
9684498
1198044
1656836
6265630
8125309
4684984
4111044
7812323
4561001
1784200
0111839
9308060
9413181
3363918
6974769
4491047
5376298
2929086
5789661
2911149
8008961
2544211
8055525
6937084
8510772
1036908
0590277
7901711
1184014
1479500
1038128
5180681
1620746
6440681
9864879
8972508
5050310
1388428
6778317
6160038
0495608
9965298
6759293
5057141
6838987
4508193
1205783
4142537
8823400
1351564
1987557
7839151
1947542
8084304
5478937
7622792
8217275
7911070
5160160
2366074
6346459
2418769
3168188
1923882
1219323
6663591
0081231
2423567
5186852
0395784
8609293
8301025
7273094
1221728
4891213
2538893
1974545
7486926
3647909
1444501
4882527
9896912
5935434
0898521
8967588
3668176
6943032
6652226
0943895
3391357
6082279
7827937
5787011
1488415
5769022
7691671
9072735
9883489
5862549
9227304
9814101
9993389
0497325
3248815
0358919
5707485
2880430
7277749
7349812
4549328
6689972
2453484
4637754
2612583
2340356
4486852
0082451
8180527
7194098
3280696
9236132
4753179
3295886
3216586
1636301
9629197
4070982
9054430
5451428
9964848
0742503
0317140
3579374
5502424
6135210
8060923
6970716
3819820
3531180
3079431
4824845
3042330
5571654
6095664
1902567
7276977
9518989
4006401
6744842
3790907
8473587
8104498
7765547
5973609
0760784
2738788
3376553
4571750
6697551
5677482
3837308
8357818
6572729
0439225
3859340
2364779
4850542
4203276
8348532
1869209
0293706
9481065
2248922
0879303
1009014
4876549
5817156
7649207
6576789
7523027
4477074
6255685
0597566
9414187
0715225
7043329
3818276
9408043
8691720
4490328
7087779
7242716
3269587
0385155
2627716
3004133
2263862
1965059
3931927
7678249
0217450
6991643
9035523
1207368
9639531
4455863
0383517
8247837
5126036
1955008
1437587
7089077
7059689
9372468
3531863
7267274
1723195
6166895
3160848
6552204
8634928
3662577
3710608
1412896
6010005
7306525
8190751
0468632
7758946
8253877
0942385
1433598
5388927
1562659
3586533
3942446
1511939
2287427
6456070
3895484
1022551
9175044
7467780
7288554
3829775
2399511
7351837
0523699
5694673
9071415
9948496
1449082
9180670
4723030
7495526
4721824
8333063
4136436
1830744
1903277
6021134
2895204
0776233
6210858
5986474
4343372
7839473
5574074
2330584
4824051
6712739
5030488
9512367
8547013
4582929
4008181
4582297
1588672
2274034
3867511
4341637
1275669
6604982
2744010
6128960
4094511
1201437
3981179
2630538
0170973
2591658
0854492
0512144
1040087
1319702
9787785
0440315
5688223
1879727
9490432
4018814
8428347
8379357
2126194
9799001
8197809
6229303
7598667
5640968
4139289
2753823
4197690
0731692
8412034
7881061
9806992
4068174
9047562
3713601
2785209
1070561
4623454
3169369
4642657
3396561
5916368
4744289
5320320
8689585
8072265
7801751
6785214
7407260
4086721
3803098
3466569
3334764
1026084
9755406
1856767
9418197
6083984
3333884
5797917
6667915
1100947
2127772
4591537
1004201
8892973
3579065
2855502
7064660
7751299
9379751
9923938
5027822
5935608
5639173
9057304
5251181
5951486
8960506
7967163
0199091
4023513
0886555
9712948
6597483
3632867
0370009
7826596
9135371
8757697
3887903
7740729
0793537
2059164
4887894
7443781
9573183
8432488
7988880
5143464
8873363
8789469
0523537
4368645
7879705
4704741
8571525
9428621
8669526
5442369
2886070
0275265
1908960
5698693
7239286
7700444
9768973
0595519
5576607
4504573
8027548
8741502
5161370
5580982
4884087
3802436
2470532
5648440
8826696
8121756
5122302
9163701
2732439
9674275
6060293
5081373
1184709
5425966
1845667
1067106
8236242
9184592
8835239
5180512
1426915
4278056
0261408
1761795
4725326
2698883
9961824
3024517
2921856
2227268
2226748
9055637
8976755
8650873
9062334
9280622
9941010
8373395
5973574
1949226
5312741
1447607
0111532
4636595
5182209
9324002
7937519
3868373
9308178
5219946
3968359
7701437
8922596
5063331
4754410
2227958
4071574
8674029
0606495
3000607
1701760
3456134
7916719
4019289
7544149
4788075
3775157
4095373
2940448
0243327
9171024
7739018
6147270
9790053
3424290
2529484
4947586
3142512
3048826
1367173
3843003
5221655
6996420
4778841
4125279
6610694
5452016
1989547
9607237
3274875
4629902
3828420
3743627
1841941
2493345
8525147
8263731
1506449
9839529
7779321
1900860
2558672
5790769
6537128
7550874
9452766
5865035
1411772
0655304
3137133
5316168
1259137
3465954
8235433
4579679
2213655
3917878
8032864
4619948
2279979
5676486
4684571
4529591
7099135
3731516
6457409
2544329
3312925
4094126
8481175
2775343
5296467
1819328
4230863
2800259
7403505
2289865
7401537
2023906
8922271
1728463
8275453
2448031
5827660
6806798
2122009
5806865
2916854
2675026
4563661
2464818
8226370
3928973
2030529
1859625
7095895
6243988
2906306
1606705
7175270
5251830
4487538
3207635
9553595
6327894
6024579
9417950
3598041
8321273
5148750
7427261
4115178
9533873
3292366
3141306
8398410
6400078
1607012
2910908
6425754
4239245
8665991
4991694
7266456
3229724
9368569
4318998
3900295
3858703
8561556
1777102
2708143
5513845
2557930
2683201
1146995
9613401
7113543
8561447
0559786
4657655
5035225
9415605
0093751
8348539
7201185
4649972
8886610
3433373
7865057
9919898
3697152
1561534
2845342
9520754
2640092
9433216
2953533
4711791
1821975
4250312
3354155
9983707
1012929
7945007
1923733
9086652
1710843
2101534
3154239
0822151
8404794
4385384
1981625
1957169
7340950
1194335
5899085
2861403
6079122
3579401
6903630
2023439
9939299
8448951
6727728
4968590
4385119
9319967
9361193
0480322
9483673
9037338
5515827
9817127
9857942
3249359
3246623
3314215
4785938
2521247
0057049
7748770
0696034
9190358
1276341
9979508
5617198
4930690
6402044
0770729
7245325
1519640
6255618
9713547
9620207
5904673
9870463
9333878
2885942
3328197
5618471
8162982
6575675
5512694
7610745
1696708
0460528
7006310
0633617
8500339
2874194
7336963
1253734
5378836
1312249
4552663
5443141
6783559
9761865
2292042
3174560
0307880
2228191
7917351
7064146
8641752
5415328
2203555
3249831
7158225
4093372
1886614
2584845
2968713
6255750
3716492
8189046
9353810
5972194
1446945
5071463
0795678
3648011
0979211
3437791
5963835
4931023
4464877
3612082
0695561
3568705
9369062
4116829
1190814
9050577
9943538
9095898
0772491
0038691
6142769
8964537
8378460
7251519
9842732
5841262
8775541
5167201
2290067
6267102
8916973
3163644
4929662
0367153
7317832
9257307
4140240
7994012
8618713
6301868
8434149
3920432
3615514
4038495
2458155
6212520
4943686
4874232
6961017
6818356
1608010
9009121
1198956
8315616
6529627
0776139
9867058
9778554
2160788
0096229
9794072
8374586
3674045
1065298
3311281
6264617
2587575
4087572
3197540
8111854
9662249
6645003
2287466
2902387
9996271
8864815
7465352
7282235
7948253
5901175
9560224
0044280
7704908
8809799
7321733
7334145
9064336
4636065
3752270
1996193
0290946
0212846
3455701
7080361
0299229
7184929
7804354
7638656
0746622
2638850
5206946
2481731
2861767
4506039
7921875
4014983
1219889
6649361
4220039
1854979
0283365
2921386
6262972
5280153
2182334
0812326
6744882
1495012
0801304
8543755
4332708
6501428
2221317
7302348
9524685
9548240
2380126
8206110
6632956
3840831
6830122
4846630
6185447
6236420
2349696
1835896
7108889
9141349
2333500
4610323
6510169
3985587
2291132
3268908
8792594
1564800
5338680
9512887
7192472
0157839
3713076
6535858
0263607
1415722
0794882
6139785
2395166
6649451
4075702
0080401
1886323
1010219
4492526
1300922
9839340
7173237
3679250
5472580
9612657
6194196
3155822
8773201
1940320
3710001
8915002
5899892
1680092
9059867
7466044
9089598
5988856
0080463
9652074
2018129
0095641
4633762
0093171
8954187
6706219
5081588
8232410
5434801
4135639
0150528
8576804
2957356
4616672
2627497
6516397
5093033
8235950
3992087
8361211
2561374
0522094
1767217
6867746
8285337
0354915
9517418
1114808
9509294
0264077
6954617
3465526
7658299
1301506
8554934
6526274
2663222
5965907
7474636
5188141
1517512
8919930
9920818
4691453
7789566
6793413
2872670
1465128
9915923
7090284
8852748
7028536
6045006
2333364
7473567
1399913
7160864
4181024
3981971
1715143
6369900
2281790
7290463
0055271
1102795
2747541
5968236
1743388
5750261
3114995
9838092
1859023
3340200
8696410
5128509
3807686
9974807
9225416
4780581
7760086
9601610
7780413
6479159
0906938
9182989
2657143
6328511
6606684
0706539
9487619
5075316
2197135
3489229
5005840
5597932
3963707
9084900
8902205
8613520
4767532
1918860
1075461
4508920
2113922
1234384
9269218
3586178
2149823
4275365
3125415
1562041
7563655
0478326
7356045
8411223
4119950
8124112
1133091
3883594
0155668
9614690
6789163
4991049
2997204
4185763
8560191
2637975
3096762
1526465
7007195
5407702
7973764
3493529
2243335
2718777
2901906
9758711
0456356
1487369
0252236
5701909
2013665
5050322
4669204
5215410
5534216
5891164
4601922
7787030
7806503
3903982
2760245
7167451
0328726
6818997
4802232
7334662
4163941
7478615
0776690
2991572
3760465
2598180
1277982
8771401
6778006
7236942
6607231
2955889
9231894
4506609
4681733
3588438
5133376
2755347
5115587
5626366
5366469
1991258
8032267
4000820
6541613
3218545
1764157
0388081
1398110
5857385
7282795
7433379
3121788
6666417
1352470
4674431
2176502
7941416
6497440
9250119
3873992
0193183
0477348
5483809
5385726
6497115
5837116
8763806
3775574
4210804
0011630
1149408
6183229
8705063
3800064
0900329
1911863
6818418
3385084
2462230
9609337
6272956
4834741
1156347
4378565
2970517
9160855
5631161
2686842
6756974
3894513
9110736
0879263
7410282
2517301
1835110
0236999
2526388
8091871
4032764
8890519
6390245
2148937
7024164
4228054
1745631
9826070
6093863
9706236
7936128
4907041
4142137
6426109
9024322
5518228
6196719
1316196
8863274
3802272
2508697
7147206
8394858
4113046
9767359
5142405
0921388
2915240
1458626
2093469
6656995
1168329
8623942
5308900
0861878
0858484
8347204
4476472
6942113
7964040
0260054
6857507
7310494
9199826
5679780
3449594
3791840
2820042
3598050
0588385
5088995
6293424
7765528
0600881
7629460
2745790
2445680
0287225
9270835
8806380
0784552
8132306
9928665
1447308
1465156
5019332
0716816
8092956
5674287
5968685
7578767
6481087
3505910
5953617
5838956
6525560
1330564
6321656
7676083
0374620
6761989
1787686
1086693
2657816
5857644
3911396
3327614
2715867
5217767
0410691
8259851
5859129
8814190
6249309
3877890
2903296
9700702
1885285
2594925
7453380
8869241
8920911
8396232
0973956
0470381
6951788
3778920
6353674
7209027
4667847
3502882
2677248
4661768
7194025
0096234
7710298
7149645
5175646
5160424
3311772
4609337
8147016
2466628
1847665
1272796
2843615
8111950
7580085
2634909
4717462
4448902
1371281
9079116
9052822
2061105
2551204
8688036
5046129
7349102
5207800
5580874
0156616
6902884
5587266
5518381
0708506
2860471
4206910
5806824
7484039
9337845
1042057
7651973
2095245
2129634
7023569
3483875
3165326
7862149
8843798
1014931
8224399
7838573
4237757
8918397
2158627
0364386
4146853
4787702
1036813
8219582
1624251
2611089
9472539
2033358
0422654
5719804
5009555
3362897
0834981
6175105
9938519
4368289
5076669
6985063
5496350
8886608
7219589
5301348
7230405
2816988
4934376
8988265
3519262
2180695
7579892
9869153
5175133
3221923
1891846
0113961
0198946
1562502
4977669
4937010
2645759
5684157
4245616
0807174
0856983
0754692
7172877
0800322
5330460
8923051
8532837
2707871
6830893
7932538
5043209
2378533
9463871
4313360
2692638
7835729
1659735
0526102
7199107
5936911
0172285
4416632
2643611
7094345
6755598
2379499
5736531
4027531
6782285
5436675
1846552
2381620
1621885
9398592
2354027
6871543
6703430
8022643
9971480
8672576
3617193
4157051
9228763
3964616
6502583
6948219
3499072
3587756
5760282
8363344
8352351
2564053
4853831
9116836
6422143
7221081
8745840
4481154
3079958
0487483
4747695
2658466
1306315
0729089
6689354
7452449
6966042
8190730
5275817
6574406
6315960
0241255
1203119
6318160
0271431
4299872
7308290
8068297
2117967
0846592
0081232
7088432
9599958
5077853
6201158
0223867
1560174
2071617
4649163
5087921
1618643
9475168
6593073
0060719
1280167
6089849
9617335
6111047
7849309
6266687
3871061
8840180
3611597
8165525
6778265
4509383
3081747
0499870
2227541
1184614
7766346
6372960
4663699
6358600
2526102
8941348
1454672
8167478
9380358
3703229
6715396
6603024
2009561
1240199
2967746
9984566
4738221
1117329
9546766
0340103
8424446
8121582
8798696
2212162
9318199
3651920
1947107
4266948
3032554
9617131
1659930
8550953
9589199
9689634
3198879
6032757
9146006
9576369
6133421
1247258
9245128
2161366
2195325
5684354
1795085
3992712
9882011
0097800
3397743
6217826
7940440
1795053
3162403
4819454
0543501
3657897
0133243
6595859
7605321
4900299
6971857
3972218
1655898
3905776
6892704
0776442
5259485
0133612
2747389
2268192
7373580
1653097
3055195
8616902
7799412
3994614
1502151
9466484
8565683
9267292
6027485
6149543
3960843
7493845
0985673
5154635
3531900
0680916
3848450
1756890
4787929
1367677
1252744
7937670
9584843
8694533
2893983
4623622
3661835
9023737
4518282
5542042
8917813
3142791
1448765
7883666
8339056
7851072
9491060
9633336
0012828
1489956
6360860
0562443
6114532
2685362
4227690
7569543
0685320
9454868
7844094
3158086
1575635
1490722
2870646
2056574
7388840
6883251
6971558
8720896
6494098
4167321
4050606
2528545
5008601
9268865
5989745
5037139
1268883
5493935
7883544
7883828
6524390
7132929
3945065
2874198
5379543
5778980
4369175
8199690
1013499
3340195
8238149
9867003
6681873
8217817
5004397
0692153
3979224
4785177
5315631
7762258
9974769
4238120
7189751
0258550
8858779
0105732
5440670
4893909
8548932
6302418
8614688
6757919
7961010
6685406
7092196
9720048
2545068
7466787
2398458
7267683
2945980
3163730
5937298
9642943
6005257
5849528
5049290
3343190
0137214
0386293
3301334
4592136
5002882
1190346
7352559
5993355
8182296
2812641
1440749
1754413
3952819
9290169
5061397
5740083
4804773
3511642
1183914
2822239
4816034
0659064
6954971
7011195
1470536
2569012
2130011
9804514
9519043
5290895
4173460
8654563
6202743
4360247
6918002
4329619
8925765
6498209
3000679
4552038
5422921
2815636
4098605
9650814
4326847
9115664
5260194
0973966
2286022
5710651
2106060
2344965
8766507
0900937
4673484
8129730
9076631
8865530
6806657
5900824
3095550
8331994
6363534
5420693
6049006
8576143
6039493
8689950
3197926
7847019
0920369
1026210
7517015
6773202
5983527
4863132
3265304
2425921
1994895
8743265
7028594
2802728
2828225
9534808
9451523
3626343
1852575
8541081
8954087
4423719
8147331
8614938
6790951
1291592
4841097
7113690
3450463
4269975
9182446
2543447
8406979
1216877
3514339
1757275
1966539
7324093
9455868
2353010
2544003
6658067
5430067
9587931
8427285
0829568
7307530
3503855
2170495
9786058
7752127
3229880
6052959
1882672
4526370
0730624
9169857
1370456
8541481
8669965
4815047
2376630
2717068
7882442
7908025
7602991
2873365
2807986
0682304
5694737
5707436
1004772
8756673
4105199
0704367
2187775
6680943
2575003
3843704
4102408
6356525
3826384
3841578
9510768
1988780
7512659
7896390
5611114
1415948
5803608
5436368
1401328
7219753
9248086
3167134
4055254
7325774
1463403
6225615
8998484
0534449
4130959
5486817
8741843
5292744
0108542
3562695
2063714
6631210
5221874
9142317
8505719
3463544
8938234
4637151
9187273
5255882
9444890
0662872
9371682
9803244
5159199
9401535
0782762
7125275
6319351
4194060
1113025
9982681
7971479
2815364
5382193
4683499
8925977
5140722
3857167
2863059
9157500
9256820
4333475
0279131
6367842
6331407
3530568
1225744
4348972
6870870
6771302
8961051
5049880
4055565
2639409
8083505
3066624
1693503
6463995
7569335
0533909
6246839
2659717
3654248
4099640
5864633
7304318
6208841
8908619
2011107
9935132
6748109
6717132
9758866
3237068
7213356
1427952
7998653
1436572
1049713
0133307
6190353
0592048
1461477
2792305
0215296
2364361
6333324
4650982
1893396
6955475
3806790
4069309
8040686
2411799
9204286
6138458
1823773
6991170
0778257
3277601
5578557
9792935
6197938
5771902
3876787
1321001
0235690
7313263
8398812
5277488
9221948
6006050
2521515
2860236
7138443
2154369
3625243
5088724
9611175
3013587
6096329
8951697
1186012
8774974
8589588
6546801
7154244
9364380
9078341
4692658
0301399
0347562
8030445
4269791
7550638
8613636
9208728
6985090
7683451
7386886
2543025
8521699
2845119
2022118
8401196
6244350
9168230
6532535
9046357
2994349
5356113
9398588
9326870
4048576
1076719
0075416
4080121
7028119
3029429
2502834
7535173
2688527
4212413
9651554
8713863
2118583
3377928
4771481
2341510
6872023
2383365
3368220
3915968
6427437
2085117
4308536
0218838
0353969
2750772
4639233
3727406
1003791
6081738
9594395
0697873
2266131
3956508
1411078
3510625
5917187
2485618
9232241
5524733
2854026
4775694
7780368
4360530
7090301
9747375
6137073
4459271
4415420
4095777
8595912
0716808
8282573
8831917
5630282
5738324
5165463
3497371
4891741
5623630
3950113
5941453
4148723
1203654
4290426
4443649
0617442
1424800
0347808
1052501
9404021
6284144
9983065
0503968
9632313
3610450
9173955
5899865
5121794
2536186
9525654
5984612
9535591
2928459
8942274
4959473
3216480
0081812
3087928
3494203
2929123
6943680
1806728
1612450
6023488
1824452
5857531
7833574
6565295
9651756
8329065
5391548
0796822
5214723
4431565
8713003
5812595
3367803
6681120
5901190
8127716
2258650
5395151
7045963
5299009
3655311
1130324
6245712
5833017
8180407
8961489
9297191
0119054
4628025
6910145
3750430
2740921
1414260
8937703
3826701
0347701
5413065
1744711
8456909
0270568
9255686
4649832
3509927
1094334
4509088
8567291
6365188
1183258
4446010
5288290
0433207
5038972
4207681
7567494
4996919
3422479
5085278
9500336
9838459
2037024
5330234
7811711
5789347
5281003
0177847
3255631
3671036
0539887
7497664
7246302
3807671
5500170
4055687
1532597
6236635
5836788
6054104
6177696
7067939
4326749
3108781
8462287
1448229
1625297
2562674
5893507
1232847
1702851
6766198
1718058
6960559
8962087
6895291
6617102
4512320
7703800
5271513
0096200
1516516
6193399
3698134
9555871
2359486
8387498
8444396
8661696
5416704
1013991
4887811
0291883
3059634
9787399
0597403
0040575
8474223
6744247
7643894
9601866
7600736
9929001
1046854
4822455